a 5 21 0 1 1
a 5 81 0 1 0
a 5 91 0 1 0
a 6 22 0 1 1
a 6 81 0 1 0
a 6 101 0 1 0
a 9 25 0 1 1
a 9 91 0 1 0
a 9 101 0 1 0
a 21 37 0 1 1
a 21 83 0 1 0
a 21 93 0 1 0
a 22 38 0 1 1
a 22 83 0 1 0
a 22 103 0 1 0
a 25 41 0 1 1
a 25 93 0 1 0
a 25 103 0 1 0
a 37 53 0 1 1
a 37 85 0 1 0
a 37 95 0 1 0
a 38 54 0 1 1
a 38 85 0 1 0
a 38 105 0 1 0
a 41 57 0 1 1
a 41 95 0 1 0
a 41 105 0 1 0
a 53 69 0 1 1
a 53 87 0 1 0
a 53 97 0 1 0
a 54 70 0 1 1
a 54 87 0 1 0
a 54 107 0 1 0
a 57 73 0 1 1
a 57 97 0 1 0
a 57 107 0 1 0
a 69 85 0 1 1
a 69 89 0 1 0
a 69 99 0 1 0
a 70 86 0 1 1
a 70 89 0 1 0
a 70 109 0 1 0
a 73 89 0 1 1
a 73 99 0 1 0
a 73 109 0 1 0
a 81 82 0 1 1
a 82 21 0 1 0
a 82 22 0 1 0
a 83 84 0 1 1
a 84 37 0 1 0
a 84 38 0 1 0
a 85 86 0 1 1
a 86 53 0 1 0
a 86 54 0 1 0
a 87 88 0 1 1
a 88 69 0 1 0
a 88 70 0 1 0
a 89 90 0 1 1
a 90 85 0 1 0
a 90 86 0 1 0
a 91 92 0 1 1
a 92 21 0 1 0
a 92 25 0 1 0
a 93 94 0 1 1
a 94 37 0 1 0
a 94 41 0 1 0
a 95 96 0 1 1
a 96 53 0 1 0
a 96 57 0 1 0
a 97 98 0 1 1
a 98 69 0 1 0
a 98 73 0 1 0
a 99 100 0 1 1
a 100 85 0 1 0
a 100 89 0 1 0
a 101 102 0 1 1
a 102 22 0 1 0
a 102 25 0 1 0
a 103 104 0 1 1
a 104 38 0 1 0
a 104 41 0 1 0
a 105 106 0 1 1
a 106 54 0 1 0
a 106 57 0 1 0
a 107 108 0 1 1
a 108 70 0 1 0
a 108 73 0 1 0
a 109 110 0 1 1
a 110 86 0 1 0
a 110 89 0 1 0
